64.346	5.562	3.42	4.157	1.034	5.742	4.299	5.984	4.707	3.440815071
63.999	5.855	3.641	4.232	0.991	5.898	4.321	6.11	4.919	3.494508461
64.59	5.595	3.925	4.099	0.995	5.566	4.141	6.182	4.787	2.875788471
64.792	5.66	4.579	3.936	1.029	4.866	3.793	6.116	4.863	2.789841626
65.283	5.774	4.62	3.617	0.961	4.249	3.576	6.371	4.636	3.034254604
65.6	5.907	4.805	3.598	0.988	3.862	3.497	6.357	4.988	2.881016703
66.393	6.113	4.942	3.455	0.94	3.621	3.339	6.607	4.473	2.707225146
66.104	5.959	5.222	3.469	0.967	3.324	3.341	6.538	4.541	2.993477534
65.558	5.813	5.633	3.797	0.988	3.848	3.425	5.864	4.486	2.322707516
65.751	5.866	5.668	3.687	0.93	3.51	3.349	6.16	4.628	2.311271656
66.054	5.995	5.639	3.513	0.945	3.214	3.215	6.52	4.64	2.143520032
65.096	5.685	6.274	3.845	1.028	3.937	3.381	5.98	4.279	2.74355961
65.964	5.931	6.053	3.516	0.969	3.156	3.129	6.246	4.499	2.109775469
65.755	5.985	6.21	3.461	0.973	3.097	3.087	6.537	4.473	2.454355927
65.439	5.821	6.537	3.838	1.034	3.323	3.144	6.138	4.495	2.323339628
65.895	5.976	6.432	3.553	0.88	2.981	2.957	6.438	4.592	2.370092193
66.028	6.06	6.41	3.413	0.913	2.976	2.92	6.521	4.476	2.286125022
65.159	5.68	6.972	3.732	1.054	3.305	2.95	5.965	4.74	2.468197188
65.683	5.964	6.772	3.541	0.91	2.995	2.981	6.398	4.351	2.54023696
65.027	5.879	6.998	3.673	1.002	3.189	3.046	6.252	4.314	2.157409219
65.545	5.975	6.956	3.536	0.925	3.05	2.825	6.412	4.611	1.836249101
64	5.308	7.946	4.334	1.11	3.93	3.202	5.204	4.509	1.810912599
64.982	5.849	7.384	3.668	1.033	2.968	2.929	6.291	4.637	1.813116613
65.036	5.925	7.406	3.664	0.997	3.211	2.911	6.434	4.412	1.879496712
65.113	5.765	7.546	3.699	0.951	3.188	2.919	6.282	4.343	1.748778724
52.337	6.126	16.174	3.578	0.933	6.812	2.976	5.617	4.61	4.83138887
53.286	6.322	15.744	3.371	0.911	6.152	2.858	6.252	4.328	4.627910349
53.337	6.35	15.655	3.311	0.921	6.221	2.865	5.978	4.433	4.129612385
53.141	6.219	15.779	3.456	0.964	6.513	2.891	5.998	4.367	4.22758595
52.779	6.152	16.271	3.546	0.945	6.55	3.004	5.302	3.979	3.519874126
53.318	6.071	15.676	3.365	0.937	6.55	2.835	6.031	4.652	3.114770521
52.933	5.888	16.351	3.552	0.936	6.808	3.027	5.566	4.276	4.013121281
52.804	5.898	16.37	3.669	0.978	7.126	3.013	5.363	4.639	2.834162111
53.372	5.928	15.912	3.529	0.975	6.407	2.871	5.866	4.476	2.696790519
53.722	5.997	15.634	3.501	0.912	6.416	2.849	5.905	4.309	2.789483821
53.546	5.874	15.902	3.582	0.948	6.46	2.875	5.689	4.458	2.885487534
51.232	6.744	15.785	3.706	0.974	6.55	2.907	5.134	4.329	3.177167734
54.172	5.833	15.681	3.608	0.981	6.535	2.933	5.836	4.323	2.521431069
54.248	5.859	15.68	3.632	0.863	6.825	2.885	5.842	4.351	3.005977723
54.246	5.748	15.673	3.658	0.93	6.713	2.874	5.691	4.244	2.950118794
54.317	5.768	15.418	3.561	0.957	6.756	2.899	5.957	4.32	2.343334617
53.785	5.594	15.767	3.761	0.989	6.98	3.033	5.509	4.493	2.45672763
54.871	5.76	15.008	3.505	0.909	6.53	2.85	5.919	4.362	2.541651646
55.242	5.722	14.863	3.553	0.905	6.284	2.866	6.109	4.421	2.241840192
54.504	5.617	15.236	3.701	1	6.668	2.988	5.636	4.252	2.541160994
55.188	5.686	14.575	3.514	0.858	6.307	2.796	5.97	4.57	2.590734592
55.172	5.614	14.585	3.633	0.913	6.483	2.821	5.926	4.43	2.40030492
55.343	5.63	14.535	3.64	0.926	6.375	2.881	6.016	4.366	2.061842807
56.061	5.566	14.482	3.625	0.914	6.504	2.946	6.044	4.494	2.266063649
55.562	5.532	14.431	3.754	0.999	6.779	2.994	5.737	4.557	2.300454853
56.145	5.486	13.993	3.666	1.017	6.289	2.837	5.636	4.248	2.516262974
56.302	5.454	14.098	3.819	0.912	6.352	2.952	5.636	4.286	2.413796341
56.82	5.598	13.773	3.701	0.933	6.019	2.94	5.994	4.49	2.256041265
57.599	5.697	13.465	3.612	0.929	5.636	2.755	6.08	4.188	2.159323021
57.157	5.531	13.472	3.746	0.987	5.837	2.936	5.72	4.084	2.385772681
57.783	5.666	13.028	3.609	0.981	5.525	3.002	6.005	4.377	2.450403859
57.567	5.589	13.049	3.785	0.955	5.589	2.84	5.736	4.262	2.563685976
57.726	5.46	13.048	3.865	0.981	5.478	2.958	5.606	4.37	2.432211094
58.88	5.835	12.492	3.568	0.917	4.804	2.822	5.975	4.156	2.786236619
59.433	5.853	11.967	3.513	0.912	4.368	2.816	6.164	4.331	2.955732666
60.307	5.984	11.541	3.363	0.919	3.827	2.833	6.296	4.17	2.41197514
60.949	6.048	11.243	3.356	0.847	3.552	2.724	6.463	4.31	2.328633327
60.88	5.939	11.089	3.323	0.898	3.5	2.746	6.471	4.431	2.295760665
61.325	6.021	10.688	3.125	0.873	3.255	2.689	6.664	4.249	2.250546683
61.303	5.962	10.962	3.433	0.921	3.715	2.767	6.367	4.258	1.901613892
61.825	5.983	10.503	3.267	0.855	3.454	2.762	6.17	4.379	2.086103224
61.698	5.888	10.632	3.389	0.869	3.422	2.829	6.349	4.303	2.07401914
62.488	6.25	10.081	3.183	0.801	2.652	2.694	6.494	4.213	3.144510521
61.348	6.058	9.637	3.049	0.841	2.77	2.601	6.58	4.173	2.41059016
62.76	5.992	9.921	3.295	0.795	3.118	2.749	6.403	4.376	2.43413552
62.545	6.037	9.772	3.224	0.852	3.147	2.743	6.454	4.141	2.600882519
62.65	5.987	9.791	3.383	0.906	3.102	2.809	6.274	4.265	1.893599452
63.164	6.022	9.487	3.177	0.854	2.813	2.68	6.636	4.049	2.295598071
62.678	5.899	9.618	3.522	0.857	3.169	2.816	5.846	3.948	2.666072458
63.155	5.94	9.25	3.274	0.814	3.081	2.677	6.611	4.258	2.314069356
62.899	5.899	9.325	3.333	0.885	3.215	2.851	6.312	4.334	1.894570431
60.427	5.989	8.937	3.294	0.848	2.765	2.644	5.973	3.907	2.426799987
62.966	5.795	9.346	3.58	0.894	3.385	2.852	6.054	4.356	2.835346635
63.154	5.751	9.088	3.475	0.886	3.099	2.8	6.148	4.406	2.89699819
63.05	5.807	9.119	3.577	0.863	3.264	2.983	6.098	3.925	2.461741839
63.077	5.863	9.044	3.468	0.895	3.137	2.878	6.104	4.345	2.62658087
63.267	5.728	9.005	3.481	0.883	3.128	2.847	6.342	4.445	2.455026796
63.372	5.671	8.81	3.402	0.87	2.928	2.791	6.002	4.222	2.585113645
63.173	5.715	9.047	3.599	0.969	3.313	2.909	6.155	4.426	3.025095562
62.936	5.725	8.726	3.571	0.858	3.14	2.79	6.172	4.066	2.235556626
63.355	5.715	8.48	3.521	0.955	3.287	2.839	6.219	4.323	2.242833163
62.471	5.525	8.993	3.749	0.921	3.803	2.932	5.816	4.198	2.798419646
63.494	5.705	8.641	3.516	0.937	2.958	2.813	6.069	4.115	3.081104427
63.399	5.793	8.332	3.344	0.914	3.096	2.804	6.481	4.205	2.412472527
63.617	5.806	8.267	3.297	0.832	2.789	2.764	6.434	4.29	2.510894139
64.02	5.72	8.262	3.335	0.951	3.046	2.732	6.464	4.462	2.140483487
63.38	5.577	8.599	3.659	0.901	3.182	2.857	5.997	4.576	2.847461683
63.347	5.557	8.494	3.52	0.909	3.122	2.823	6.236	4.228	2.226050988
63.591	5.695	8.296	3.382	0.844	2.849	2.777	6.204	4.275	2.145184399
52.921	5.003	16.496	3.606	0.904	3.616	2.962	9.523	4.432	1.832715305
53.372	5.16	16.05	3.312	0.872	3.142	2.813	9.758	4.363	1.699601056
53.364	5.059	16.302	3.435	0.916	3.326	2.932	9.808	4.244	1.747590009
52.925	4.976	16.437	3.606	0.944	3.351	3.013	9.681	4.472	1.659111363
53.313	5.145	16.038	3.403	0.981	3.029	2.967	9.976	4.423	1.765105572
53.136	5.021	16.119	3.509	0.947	3.16	2.955	9.567	4.496	1.576891219
53.619	5.04	16.01	3.451	0.891	3.045	2.966	9.813	4.146	1.814980752
53.762	5.081	15.938	3.383	0.91	3.301	2.983	9.803	4.406	1.646485924
53.113	4.951	16.353	3.735	1.038	3.58	2.97	9.382	4.27	1.606561792
53.941	5.032	15.849	3.451	0.888	3.101	2.912	9.783	4.283	1.62277155
53.943	5.003	15.857	3.544	0.919	3.568	2.967	9.65	4.232	1.723530961
53.247	4.892	16.273	3.798	0.947	3.425	3.06	9.228	4.102	1.608753387
54.098	4.868	15.713	3.562	0.978	3.331	2.975	9.826	4.559	1.619493408
53.802	4.836	15.599	3.564	0.995	3.141	2.877	9.431	4.632	1.614347467
53.72	4.767	16.073	3.779	1.002	3.536	2.975	9.172	4.475	2.505272119
54.468	4.919	15.365	3.484	0.949	3.239	2.917	9.535	4.36	1.681034612
54.705	4.92	15.358	3.467	0.914	3.352	2.946	9.65	4.428	1.632994502
53.627	4.703	15.87	3.936	1.059	3.66	3.108	8.701	4.38	1.590787553
55.105	4.896	14.968	3.483	0.916	3.104	2.978	9.507	4.213	1.846064002
54.639	5.085	14.854	3.555	0.945	3.119	2.976	9.244	4.489	1.742621043
55.171	4.834	15.001	3.6	0.976	3.157	3	9.187	4.289	1.773761594
55.057	4.846	14.983	3.697	1.021	3.273	2.987	9.016	4.54	1.80729526
55.427	4.781	14.839	3.708	0.991	3.328	2.965	8.752	4.576	1.818184832
55.823	4.941	14.467	3.601	0.914	3.321	2.858	8.952	4.356	1.923305582
56.202	5.064	13.974	3.44	0.955	3.164	2.887	9.382	4.47	1.883520442
56.364	4.917	14.103	3.597	0.94	3.276	2.966	9.07	4.415	1.75569423
56.501	4.872	14.029	3.61	0.978	3.417	3.028	8.741	4.371	1.903901983
56.871	4.827	13.819	3.608	1.002	3.331	2.932	8.639	4.249	1.949466248
57.226	4.891	13.226	3.463	0.927	3.375	2.958	9.046	4.866	1.879754227
57.56	4.966	13.337	3.602	0.951	3.16	2.93	8.642	4.54	1.87640455
57.886	4.894	13.261	3.674	0.882	3.433	2.99	8.237	4.337	1.850448446
58.247	5.068	12.564	3.501	0.913	3.104	2.923	8.639	4.304	2.195924091
58.784	5.132	12.412	3.578	0.906	3.001	2.906	8.215	4.228	1.678103589
58.889	4.973	12.135	3.555	0.94	3.126	2.943	8.091	4.083	1.663567443
59.654	5.192	11.668	3.405	0.891	2.825	2.847	8.375	4.062	1.608123348
59.963	5.241	11.467	3.324	0.865	2.79	2.792	8.19	4.097	1.683700731
59.634	5.086	11.458	3.576	0.986	3.124	2.77	7.858	4.257	1.536840558
59.345	4.96	11.882	4.015	0.99	3.514	3.01	7.214	4.278	1.881788419
60.914	5.353	10.638	3.239	0.879	2.805	2.697	8.24	4.301	1.831008909
60.676	5.219	10.668	3.308	0.919	2.878	2.753	7.626	4.484	1.992431581
61.189	5.32	10.676	3.366	0.871	2.812	2.828	7.57	4.317	1.908473202
60.37	5.097	11.145	3.84	0.955	3.457	2.926	6.88	4.377	2.3307198
61.351	5.327	10.296	3.408	0.866	2.872	2.667	7.589	4.33	1.838548265
61.154	5.266	10.439	3.632	0.91	3.322	2.889	7.114	4.132	2.148066403
62.131	5.325	9.758	3.238	0.921	2.911	2.729	7.596	4.31	2.376819476
62.082	5.323	9.77	3.355	0.79	2.904	2.776	7.423	4.269	2.382160865
61.35	4.983	10.266	3.781	0.936	3.565	2.945	6.603	4.555	2.184419105
62.092	5.163	9.772	3.662	0.942	3.304	2.83	7.109	4.287	2.339805409
62.123	5.216	9.772	3.563	0.925	3.455	2.919	6.652	4.244	2.203290581
63.123	5.371	9.232	3.348	0.883	2.85	2.671	7.023	4.284	2.618246078
62.253	5.163	9.465	3.723	0.909	3.245	2.798	6.578	4.566	2.00082594
63.977	5.61	8.444	2.895	0.755	2.319	2.527	7.596	4.437	2.441303212
63.819	5.534	8.428	2.979	0.833	2.465	2.589	7.39	4.457	3.000682713
62.948	5.151	9.021	3.452	0.921	3.301	2.808	6.691	4.347	2.811173542
62.988	5.131	9.049	3.64	0.905	3.21	2.849	6.49	4.228	1.91677753
62.837	5.091	8.992	3.666	0.91	3.337	2.891	6.337	4.377	2.256176835
63.993	5.366	8.532	3.377	0.847	2.832	2.716	6.712	4.333	2.392532403
63.318	5.264	8.688	3.445	0.915	2.997	2.757	6.577	4.488	2.193003
63.802	5.334	8.591	3.322	0.885	2.724	2.782	6.522	4.328	2.068948431
63.631	5.275	8.536	3.451	0.889	2.932	2.768	6.572	4.08	2.472700921
63.563	5.297	8.596	3.464	0.848	3.124	2.877	6.538	4.424	2.543392282
63.45	5.08	8.748	3.601	0.94	3.266	2.903	6.289	4.366	2.625794594
63.483	5.113	8.689	3.785	1.006	3.02	2.831	6.211	4.542	2.372403801
63.251	5.103	8.68	3.786	0.913	3.384	2.933	6.057	4.234	2.267667731
63.212	4.855	8.91	4.01	0.947	3.34	2.95	5.714	4.214	1.739452932
63.309	5.002	8.785	4.004	1.017	3.032	2.932	5.867	4.221	1.894793225
64.361	5.225	7.979	3.224	0.861	2.581	2.696	6.67	4.355	2.14862913
60.23	5.622	8.042	3.419	0.167	3.234	4.458	10.168	5.449	2.875343278
58.458	5.175	8.654	4.065	0.146	4.526	4.821	9.175	5.543	2.700403809
58.698	5.229	8.787	4.088	0.138	4.072	4.773	9.154	5.795	2.478909806
59.638	5.561	8.232	3.523	0.132	3.351	4.498	9.838	5.498	2.678114362
59.754	5.487	8.292	3.58	0.161	3.487	4.475	9.886	5.501	2.186796727
60.579	5.839	7.616	3.05	0.102	2.881	4.123	10.797	5.587	2.256874234
58.525	5.208	8.765	4.122	0.19	4.407	4.797	9.008	5.714	2.586015433
60.048	5.539	8.179	3.473	0.134	3.44	4.407	9.82	5.554	2.6922669
59.741	5.579	8.102	3.464	0.188	3.205	4.471	9.555	5.745	3.255909102
59.083	5.453	8.621	3.86	0.196	3.763	4.656	9.019	5.539	2.380092541
59.291	5.367	8.469	3.868	0.243	4.056	4.626	8.973	5.673	2.352813649
60.789	5.729	7.856	3.199	0.246	3.118	4.233	10.128	5.608	2.298999789
60.323	5.528	8.192	3.463	0.222	3.393	4.354	9.528	5.275	2.582600339
60.189	5.456	8.171	3.578	0.226	3.784	4.393	9.317	5.406	2.033556854
59.972	5.302	8.394	3.811	0.289	3.689	4.442	8.943	5.558	1.894834898
60.697	5.51	7.997	3.446	0.274	3.529	4.222	9.545	5.391	2.091029608
60.948	5.757	7.885	3.255	0.312	2.909	4.03	9.73	5.509	2.462028913
61.088	5.661	8.099	3.396	0.303	3.248	4.181	9.44	5.308	2.197945372
60.454	5.443	8.32	3.679	0.311	3.739	4.179	8.791	5.566	2.092499739
61.994	5.874	7.753	3.079	0.337	2.869	3.951	9.3	5.24	2.615110268
61.029	5.544	8.224	3.486	0.384	3.361	4.067	8.755	5.197	2.139182539
61.405	5.616	8.152	3.497	0.436	3.278	3.95	8.833	5.152	2.565918218
61.388	5.46	8.43	3.719	0.437	3.658	4.117	8.063	5.318	2.373100637
61.978	5.641	8.227	3.56	0.448	3.195	3.871	8.498	4.984	2.804178959
62.183	5.657	8.119	3.439	0.528	3.306	3.789	8.351	5.164	2.419250093
62.079	5.735	8.108	3.492	0.54	3.043	3.686	8.095	5.277	2.160910412
61.832	5.61	8.462	3.842	0.592	3.537	3.626	7.404	5.145	2.042441349
62.271	5.656	8.336	3.626	0.636	3.308	3.457	7.494	4.815	2.835928248
63.194	5.915	8.009	3.358	0.581	2.848	3.3	8.051	4.615	2.583229465
62.526	5.774	8.348	3.759	0.697	3.26	3.348	7.274	5.251	2.508057665
63.477	5.997	7.906	3.318	0.628	3.084	3.139	7.613	4.713	2.620206327
63.096	5.824	8.095	3.553	0.691	3.175	3.26	7.234	5.03	2.24469137
63.065	5.874	8.107	3.55	0.647	3.071	3.163	7.287	5.275	2.752115373
62.548	5.734	8.482	3.899	0.781	3.513	3.301	6.725	4.962	2.126676994
63.143	5.844	8.087	3.524	0.757	3.09	3.1	7.128	4.937	2.756291275
63.649	5.83	8.092	3.511	0.751	3.042	3.092	7.105	4.742	2.664027075
63.845	5.887	8.144	3.553	0.796	3.417	3.149	7.063	4.846	2.082521981
63.71	5.75	8.318	3.651	0.833	3.276	3.098	6.832	4.532	1.899136122
64.117	5.822	8.345	3.722	0.858	3.231	3.124	6.485	4.862	2.170757467
64.209	5.933	8.272	3.566	0.809	3.188	3.08	6.928	4.568	2.37605396
63.452	5.637	8.641	3.973	0.86	3.599	3.212	6.116	4.524	1.820476743
64.189	5.714	8.379	3.657	0.911	3.375	3.041	6.595	4.847	2.055641617
64.135	5.73	8.399	3.746	0.825	3.381	3.055	6.439	4.666	2.334347353
63.977	5.677	8.355	3.759	0.941	3.459	3.049	6.506	4.705	1.723160807
64.413	5.882	8.345	3.601	0.824	3.149	2.886	6.724	4.855	2.204572467
64.563	5.959	8.057	3.569	0.948	3.089	2.927	6.547	4.675	1.551977394
64.447	5.706	8.491	3.734	0.885	3.378	3.02	6.156	4.707	1.910305795
64.671	5.889	8.063	3.431	0.908	3.015	2.955	6.623	4.555	1.89705823
63.828	5.594	8.628	3.894	0.984	3.536	3.033	6.088	4.965	1.973535851
64.163	5.827	8.306	3.738	0.959	3.39	3.092	6.075	4.782	1.837015795
63.999	5.641	8.662	3.894	1.013	3.883	3.108	5.97	4.435	2.410396269
63.812	5.71	7.874	3.425	0.914	2.57	2.742	10.202	1.047	1.435443768
63.616	5.579	8.01	3.581	0.972	2.816	2.92	10.137	1.216	1.277033175
64.112	5.686	7.641	3.171	0.856	2.382	2.793	10.915	1.11	1.536684371
63.339	5.474	8.022	3.517	0.898	3.121	2.919	10.042	1.114	1.350305626
63.556	5.115	8.704	4.151	1.074	3.705	3.251	8.722	1.072	1.53533001
63.621	5.63	8.102	3.479	0.981	3.095	2.968	10	0.958	1.456256594
63.413	5.541	8.081	3.55	0.981	2.971	2.999	10.073	1.193	1.572292225
63.606	5.632	7.939	3.416	0.945	2.757	2.924	10.216	0.968	1.498368215
64.243	5.822	7.672	3.244	0.865	2.433	2.792	10.53	0.942	1.49396694
63.663	5.598	8.017	3.443	1.004	2.755	2.874	10.049	1.008	1.44726868
64.29	5.691	7.739	3.11	0.866	2.634	2.829	10.365	1.033	1.321398653
62.96	5.238	8.581	4.015	1.024	3.394	3.086	8.838	1.24	1.323862626
64.061	5.668	7.918	3.428	0.854	2.69	2.862	10.167	1.097	1.367887852
64.011	5.58	7.861	3.294	0.94	2.685	2.817	10.068	1.047	1.368029529
63.899	5.514	8.217	3.757	0.973	2.846	2.921	9.58	1.228	1.328935473
63.25	5.39	8.467	3.879	1.06	3.388	3.127	8.769	1.199	1.349953643
64.055	5.489	8.022	3.51	0.989	3.18	2.869	9.708	1.125	1.360449663
63.987	5.525	8.156	3.568	1.005	3.174	2.856	9.402	1.146	1.395305088
63.959	5.634	7.956	3.541	0.973	3.035	2.836	9.659	1.298	1.335079221
63.198	5.262	8.659	3.999	1.018	3.323	3.156	8.447	1.365	1.375325785
63.908	5.666	7.851	3.424	0.891	2.814	2.828	9.561	1.467	1.434676081
63.865	5.534	8.072	3.524	0.922	2.83	2.884	9.374	1.421	1.285320189
63.31	5.259	8.722	4.035	1.007	3.406	3.084	8.132	1.683	1.302827356
63.887	5.61	7.849	3.387	0.884	2.859	2.88	9.334	1.855	1.352470272
63.736	5.635	7.981	3.488	0.904	2.94	2.821	8.936	2.09	1.358477446
63.698	5.497	8.114	3.721	0.975	3.055	2.96	8.5	1.961	1.396058899
63.366	5.356	8.526	3.932	0.982	3.321	3.08	7.995	2.319	1.327017576
63.825	5.545	8.083	3.564	0.961	3.051	2.87	8.752	2.422	1.437099906
64.173	5.736	7.81	3.311	0.889	2.764	2.888	8.67	2.373	1.496424498
63.893	5.66	7.74	3.336	0.917	2.824	2.831	8.793	2.536	1.425168234
63.193	5.681	8.295	3.624	0.994	3.229	2.896	7.902	2.95	1.477112063
63.722	5.661	8.04	3.439	0.928	2.895	2.82	8.265	2.797	1.455292629
63.001	5.337	8.481	3.846	1.026	3.231	3.041	7.455	3.066	1.463841491
63.038	5.412	8.234	3.82	0.96	3.002	3.113	7.529	3.138	1.548145574
63.325	5.348	8.321	3.799	0.982	3.132	3.041	7.398	3.326	1.601687387
63.064	5.464	8.336	3.613	1.008	3.205	2.953	7.299	3.502	1.408851777
63.326	5.459	8.269	3.631	0.974	3.205	2.992	7.205	3.708	1.519233754
63.182	5.395	8.289	3.794	0.978	3.151	3.045	7.053	4.024	1.51393392
61.481	5.276	8.077	3.505	0.935	4.653	2.849	6.586	4.476	2.293256081
60.238	5.036	8.619	3.843	0.953	5.328	3.109	5.836	4.324	2.453663819
61.244	5.232	8.18	3.558	0.925	4.481	3.027	6.457	4.475	2.348274073
60.984	5.197	8.241	3.555	0.911	4.603	2.938	6.222	4.678	2.870802773
60.675	5.113	8.233	3.681	0.95	4.871	2.956	6.184	4.474	2.828397931
60.856	5.226	8.347	3.698	0.957	4.728	3.038	6.235	4.48	2.558838769
60.229	4.999	8.61	3.935	1.109	5.34	3.101	5.914	4.684	2.084755348
60.847	5.253	8.185	3.505	0.972	4.584	2.902	6.409	4.367	2.267495743
60.828	5.155	8.471	3.769	0.984	4.936	2.996	6.151	4.648	2.10930655
61.322	5.338	8.071	3.478	0.956	4.187	2.891	6.698	4.803	1.981110862
61.13	5.207	8.112	3.543	0.916	4.457	2.863	6.439	4.497	2.247117926
61.408	5.265	8.027	3.548	0.944	4.497	2.852	6.497	4.691	2.645222105
61.414	5.327	8.07	3.464	0.906	4.405	2.888	6.53	4.426	2.58428471
61.224	5.299	8.048	3.435	0.899	4.485	2.873	6.404	4.528	2.536439721
61.087	5.333	8.067	3.476	0.902	4.305	2.874	6.435	4.387	2.359630494
58.217	5.203	8.113	3.59	0.974	4.583	2.994	6.264	4.414	2.0809764
60.554	5.292	8.352	3.774	0.916	4.863	3.035	5.952	4.655	2.061280569
60.647	5.095	8.374	3.759	0.978	4.911	3.049	6.109	4.612	2.019313969
61.163	5.303	8.087	3.571	0.942	4.196	2.954	6.358	4.439	2.205366969
60.852	5.2	8.229	3.688	0.952	4.809	2.939	6.2	4.62	2.458886694
60.966	5.291	8.146	3.656	0.992	4.654	2.965	6.279	4.353	2.681672665
60.97	5.265	8.239	3.669	1.012	4.607	2.904	6.202	4.287	2.185879386
61.313	5.341	8.102	3.514	0.927	4.467	2.852	6.321	4.578	2.538118923
61.539	5.321	8.129	3.523	0.894	4.489	2.979	6.444	4.393	2.176238439
60.743	5.183	8.169	3.701	1.029	4.659	3.04	6.138	4.369	2.477742472
60.996	5.323	8.096	3.611	0.963	4.654	3.005	6.145	4.41	2.07338018
60.83	5.163	8.362	3.809	0.98	4.852	2.99	5.986	4.406	2.475620336
60.985	5.221	8.31	3.794	1	4.834	3.134	6.06	4.471	1.797341616
61.271	5.301	8.225	3.611	0.969	4.101	2.904	6.375	4.611	1.846879224
60.817	5.269	8.379	3.838	0.947	4.636	3.069	5.977	4.42	2.361205255
61.547	5.434	8.079	3.609	0.975	4.116	3.006	6.309	4.675	1.909115235
61.107	5.222	8.466	3.759	0.963	4.469	3.031	5.941	4.408	1.555925686
61.857	5.49	8.049	3.579	0.943	4.039	2.907	6.283	4.435	1.838450463
61.444	5.55	8.047	3.439	0.903	3.881	2.971	6.535	4.313	2.06062337
60.964	5.282	8.39	3.892	0.979	4.253	3.009	5.801	4.577	1.987790527
61.496	5.26	8.297	3.654	0.963	3.85	3.03	6.088	4.629	2.074935462
61.422	5.365	8.343	3.743	1.02	3.963	3.048	6.051	4.665	1.678886753
60.913	5.298	8.499	3.984	1.02	4.197	3.129	5.66	4.358	1.797801038
62.254	5.562	8.091	3.444	0.92	3.238	2.805	6.584	4.523	1.536888566
61.805	5.502	8.199	3.638	0.936	3.704	2.982	5.798	4.465	1.648588363
61.872	5.571	8.071	3.673	0.948	2.977	2.974	5.997	4.354	1.532694646
61.633	5.528	8.303	3.688	0.92	3.191	3.022	5.912	4.711	1.515613255
62.025	5.648	8.072	3.571	1.007	3.071	2.872	6.18	4.564	1.516383514
62.148	5.688	8.027	3.535	0.871	3.071	2.921	6.176	4.467	1.461051244
62.646	5.751	7.735	3.436	0.895	2.862	2.831	6.48	4.562	1.485078688
62.336	5.617	7.956	3.442	0.978	3.138	2.865	6.467	4.6	1.495664229
62.143	5.636	8.107	3.62	0.986	3.211	2.864	6.197	4.454	1.391844746
62.559	5.794	7.833	3.411	0.956	2.941	2.839	6.556	4.389	1.410243524
62.514	5.806	7.86	3.393	0.952	2.932	2.794	6.612	4.465	1.42942755
62.026	5.721	7.844	3.414	0.983	2.993	2.932	6.307	4.547	1.386801344
61.872	5.547	8.378	3.786	0.986	3.604	3.104	5.885	4.569	1.406799239
61.958	5.617	8.03	3.587	0.987	3.103	2.963	6.061	4.601	1.357137991
61.612	5.512	8.048	3.601	0.924	3.171	3.061	5.942	4.713	1.356715268
62.062	5.682	7.977	3.546	0.909	3.196	2.875	6.159	4.244	1.434244301
54.758	4.968	14.613	3.693	3.375	3.059	3.027	6.102	4.868	2.735498433
54.657	5.023	14.357	3.706	3.264	3.414	2.958	5.868	4.942	2.562113166
54.917	5.147	14.103	3.566	3.147	3.086	2.995	6.108	4.782	2.14948722
54.579	4.971	14.493	3.811	3.403	3.493	3.054	5.735	4.559	2.086678046
54.203	4.834	14.571	3.961	3.332	3.643	3.168	5.401	4.754	2.823788065
55.77	5.269	13.699	3.532	3.016	3.066	2.901	6.074	4.747	2.330126079
54.433	4.811	14.425	3.959	3.264	3.827	3.09	5.147	4.897	2.59280752
56.2	5.233	13.166	3.498	2.803	2.971	2.868	6.045	4.885	3.022578375
55.114	4.957	13.892	3.843	2.896	3.559	3.094	5.413	4.664	3.332330394
55.747	5.157	13.352	3.727	2.831	3.534	3.023	5.708	5.086	2.928253378
56.935	5.353	12.697	3.367	2.751	3.064	2.883	6.189	5.086	4.911918657
56.169	5.09	12.916	3.812	2.754	3.391	3.004	5.747	4.568	5.435078117
57.718	5.457	12.118	3.32	2.41	2.77	2.801	6.34	4.555	5.078056692
58.334	5.431	11.909	3.465	2.482	2.9	2.835	6.415	4.631	6.09008604
58.795	6.441	11.009	2.878	2.108	2.465	2.683	7.142	4.621	5.231822716
58.503	5.61	11.588	3.428	2.218	3.12	2.841	6.098	4.673	6.964941496
59.554	5.993	10.572	2.875	1.915	2.194	2.644	7.073	4.604	5.918564641
58.227	5.421	11.422	3.575	2.113	3.187	2.883	6.146	4.389	4.84010898
59.433	5.887	10.595	3.148	1.928	2.578	2.733	6.561	4.38	5.989102044
59.786	5.989	10.52	3.247	1.833	2.648	2.709	6.747	4.429	7.061487798
58.702	5.521	10.925	3.692	2.011	3.448	2.934	5.832	4.49	4.984557217
59.49	5.591	10.586	3.464	1.945	3.365	2.956	6.102	4.496	4.297796064
61.009	6.205	9.384	2.884	1.51	2.189	2.564	7.064	4.486	4.329404681
60.246	5.99	10.07	3.382	1.565	2.865	2.738	6.247	4.244	3.9194656
60.264	5.596	9.571	3.664	1.376	3.48	2.977	5.967	4.454	2.905093744
60.622	5.856	9.153	3.545	1.366	3.171	3.007	6.198	4.478	2.553823489
60.801	5.751	9.019	3.467	1.314	3.085	2.934	6.158	4.723	2.839755882
61.467	5.982	8.64	3.326	1.147	3.152	2.759	6.592	4.474	2.176325016
61.921	6.039	8.674	3.332	1.116	2.98	2.764	6.568	4.539	2.190115704
61.144	5.798	8.864	3.654	1.222	3.226	3.017	6.051	4.589	2.655264508
61.519	5.903	8.702	3.46	1.157	2.976	2.851	6.258	4.441	2.593472981
61.938	5.967	8.489	3.387	1.091	3.011	2.858	6.331	4.512	2.854054406
61.406	5.753	8.61	3.608	1.081	3.318	2.928	6.008	4.574	2.001711882
61.486	5.787	8.535	3.527	1.096	3.33	2.971	6.037	4.386	2.488445523
61.02	5.725	8.577	3.665	1.14	3.393	2.943	6.091	4.457	2.347421718
61.443	5.828	8.51	3.672	1.076	3.323	3.034	6.09	4.777	2.14673601
61.272	5.788	8.555	3.724	1.1	3.1	3.046	6.041	4.436	2.112707382
61.925	5.913	8.245	3.453	0.989	3.149	2.914	6.206	4.534	2.526118958
61.637	5.899	8.226	3.575	1.049	3.34	2.951	6.199	4.453	2.134863147
61.959	6.023	8.06	3.406	1.031	3.104	2.887	6.333	4.62	1.876397672
62.122	6.078	8.009	3.393	0.967	2.928	2.926	6.52	4.555	1.98862832
62.181	5.989	7.875	3.337	0.965	3.101	2.807	6.337	4.623	1.865801888
61.909	5.925	8.191	3.602	0.969	3.248	2.94	5.958	4.27	1.756742123
61.122	5.609	8.435	3.766	1.081	3.778	3.076	5.643	4.552	1.805643517
61.569	5.874	8.221	3.645	1.028	3.097	2.978	6.229	4.342	1.746883336
62.129	6.047	7.772	3.404	0.967	2.818	2.897	6.412	4.441	1.663274499
61.389	5.721	8.241	3.701	1.023	3.189	3.013	5.898	4.375	1.830784293
61.274	5.788	8.093	3.628	0.952	3.214	2.986	6.123	4.559	1.826215899
61.532	5.852	8.07	3.55	0.972	3.198	3.016	6.021	4.321	1.600357539
61.617	5.951	7.826	3.467	0.949	2.759	2.922	6.24	4.556	1.525299629
55.964	4.738	14.038	5.026	1.064	3.452	3.181	5.279	4.698	2.06585766
56.313	4.956	13.639	4.917	1.066	3.556	3.113	5.534	4.619	2.043892364
57.471	5.42	12.755	4.306	0.887	2.999	2.881	6.384	4.487	1.842563277
57.606	5.309	12.616	4.339	0.962	2.969	2.946	6.353	4.691	2.079593698
57.026	5.227	12.832	4.55	1.08	3.254	2.899	6.025	4.669	2.251874276
56.867	5.11	13.016	4.72	0.931	3.535	3.057	5.961	4.413	2.339642023
57.104	5.173	12.871	4.595	1.036	3.413	3.096	5.829	4.51	2.290936227
57.797	5.414	12.316	4.248	0.856	3.025	2.943	6.379	4.602	2.470427894
57.871	5.373	12.392	4.321	0.979	3.413	2.894	6.133	4.466	2.769890492
58.502	5.43	11.738	3.993	0.915	3.072	2.853	6.508	4.433	2.952829937
58.087	5.325	12.027	4.245	0.928	3.107	2.879	6.292	4.573	3.469982967
58.838	5.547	11.663	4.05	0.892	2.986	2.84	6.337	4.402	2.74640309
58.28	5.438	11.763	4.243	0.961	3.154	2.89	6.151	4.56	2.860481792
58.132	5.39	11.763	4.312	0.946	3.224	2.978	6.091	4.291	2.492225266
58.217	5.248	11.859	4.508	0.997	3.422	3.128	5.788	4.691	2.609370859
58.776	5.438	11.57	4.201	0.948	3.21	2.992	6.027	4.437	3.074421804
58.715	5.383	11.37	4.282	1.028	3.476	3.081	5.84	4.568	3.075529753
59.238	5.566	11.142	4.096	0.914	3.154	2.888	6.093	4.6	2.714446704
59.505	5.615	10.746	4.027	0.93	3.072	2.938	6.312	4.535	1.947920652
59.408	5.555	10.864	4.086	0.969	2.95	2.916	6.173	4.532	1.725648382
59.78	5.559	10.547	4.027	0.87	3.248	2.932	6.216	4.241	1.89576837
59.96	5.67	10.565	3.932	0.987	2.983	2.895	6.24	4.391	1.95914407
59.4	5.558	10.616	4.168	0.996	3.412	2.987	6.216	4.533	1.803027016
59.827	5.652	10.386	3.921	0.945	3.184	2.904	6.253	4.38	1.934199739
61.497	5.82	9.519	3.576	0.914	2.87	2.761	6.492	4.107	2.368468936
60.248	5.553	9.872	4.072	1.04	3.329	3.103	6	4.363	2.053244549
60.682	5.648	9.514	3.748	0.918	3.017	2.809	6.425	4.377	1.914526638
60.094	5.569	9.774	4.071	0.953	3.356	3.021	5.873	4.651	1.937330848
60.825	5.735	9.327	3.797	1.003	3.3	3.004	6.118	4.434	2.198669706
61.912	5.96	8.961	3.498	0.92	2.783	2.843	6.721	4.525	2.039366554
61.18	5.695	9.158	3.721	0.956	3.092	2.878	6.339	4.633	1.943641457
61.245	5.85	9.058	3.746	0.903	2.969	2.86	6.295	4.403	2.091135058
61.401	5.903	8.779	3.546	0.896	3.009	2.834	6.323	4.447	1.935137926
61.331	5.73	8.866	3.743	0.898	3.154	2.925	6.275	4.271	1.97886061
61.087	5.792	8.827	3.661	0.929	2.994	2.969	6.253	4.685	2.011580442
61.625	5.756	8.598	3.531	0.981	2.907	2.828	6.398	4.416	1.704962569
61.364	5.754	8.854	3.683	0.971	3.132	2.877	6.194	4.318	1.849208936
60.747	5.633	8.894	3.875	0.981	3.481	3.089	5.93	4.565	1.846305534
61.323	5.698	8.754	3.801	0.91	3.193	2.984	6.103	4.465	1.989473018
61.593	5.772	8.533	3.587	0.992	3.041	2.924	6.22	4.604	1.978593748
61.335	5.783	8.633	3.692	0.955	3.167	3.002	6.009	4.396	2.157282012
61.846	5.859	8.328	3.525	0.931	2.992	2.833	6.425	4.818	2.110153711
61.74	5.786	8.419	3.614	0.901	3.196	2.809	6.174	4.415	1.839605558
61.65	5.776	8.431	3.616	0.863	3.177	2.919	6.342	4.331	2.187773951
61.563	5.739	8.67	3.786	0.942	3.277	2.969	5.881	4.366	1.932910546
61.569	5.84	8.139	3.515	0.893	3.004	2.871	6.402	4.755	1.94140049
61.613	5.716	8.39	3.621	0.975	3.059	2.935	6.358	4.523	1.669008422
62.154	5.796	8.288	3.604	0.963	2.862	2.902	6.204	4.673	1.798818975
61.64	5.685	8.247	3.694	1.002	3.146	3.071	6.166	4.414	1.491799446
58.901	5.297	8.211	3.641	3.537	3.235	4.528	5.818	4.602	3.562475798
58.867	5.184	8.09	3.562	3.468	3.273	4.519	5.778	4.607	4.554499155
59.129	5.174	8.08	3.57	3.511	3.132	4.431	5.961	4.483	4.574626729
58.927	5.192	8.253	3.592	3.556	3.079	4.467	6.129	4.746	4.555433969
59.064	5.151	8.265	3.649	3.443	3.083	4.5	5.994	4.571	4.305997681
59.251	5.234	8.034	3.537	3.461	3.089	4.521	5.979	4.803	4.302571376
59.439	5.224	8.119	3.529	3.376	3.073	4.483	6.212	4.783	3.525831211
59.378	5.142	8.189	3.477	3.438	3.081	4.404	6.176	4.335	4.455597845
59.282	5.143	8.152	3.566	3.388	2.985	4.482	5.942	4.608	3.888159312
59.583	5.304	8.157	3.458	3.289	3.194	4.448	5.902	4.709	3.659876784
59.614	5.238	8.033	3.452	3.352	2.905	4.347	6.231	4.345	3.551680238
59.305	5.108	8.144	3.513	3.331	3.173	4.382	6.068	4.686	4.225503406
59.483	5.161	8.151	3.458	3.364	3.011	4.433	6.101	4.675	3.605686855
59.556	5.053	8.268	3.563	3.329	3.194	4.401	5.886	4.627	4.778606593
59.59	5.198	8.156	3.569	3.236	2.944	4.255	6.034	4.561	3.705406592
59.417	5.066	8.242	3.662	3.14	3.35	4.398	5.777	4.745	3.183267186
59.813	5.086	8.087	3.606	3.207	3.024	4.396	6.049	4.953	2.527540913
59.703	5.046	8.107	3.646	3.212	3.086	4.374	6.111	4.631	2.33830402
59.897	4.975	8.247	3.656	3.262	3.176	4.315	5.927	4.69	2.537403379
60.343	5.12	8.003	3.454	2.941	3.179	4.098	6.186	4.65	2.528502365
60.299	4.998	8.181	3.71	3.011	3.042	4.025	6.332	4.448	2.942385332
60.302	4.972	8.229	3.742	2.987	3.183	4.189	5.968	4.479	3.014429888
60.171	4.857	8.328	3.914	3.025	3.221	4.112	6.078	4.608	3.150136037
60.516	4.925	8.42	3.81	2.919	3.079	4.153	6.09	4.303	1.887370574
60.627	4.899	8.207	3.729	2.891	2.915	3.931	6.537	4.241	2.968165496
61.091	5.164	8.139	3.817	1.938	3.176	3.351	6.299	4.625	1.644579013
61.845	5.227	7.955	3.626	1.74	3.155	3.325	6.503	4.59	1.634857479
62.288	5.292	7.843	3.497	1.729	3.066	3.2	6.643	4.74	1.829811621
62.384	5.36	8.042	3.588	1.595	2.901	3.329	6.161	4.517	1.57066587
62.258	5.379	7.929	3.498	1.547	3.179	3.179	6.27	4.771	1.509338051
62.327	5.346	7.985	3.532	1.577	3.302	3.066	6.276	4.585	2.128342093
62.721	5.571	7.802	3.376	1.401	2.892	3.105	6.273	4.673	1.703087806
62.517	5.395	8.034	3.569	1.497	3.408	3.108	6.164	4.347	1.689004017
63.239	5.534	7.83	3.37	1.336	3.185	3.044	6.376	4.627	1.548118324
62.48	5.637	8.091	3.515	1.373	3.286	3.103	6.161	4.428	1.5601002
62.895	5.714	7.966	3.465	1.23	3.184	3.023	6.373	4.335	1.541473815
63.174	5.562	8.024	3.511	1.295	2.987	3.033	6.216	4.383	1.503095522
62.809	5.633	7.957	3.458	1.201	3.334	2.959	6.206	4.419	1.460090495
62.836	5.621	7.901	3.398	1.17	2.935	2.87	6.248	4.885	1.471491203
63.373	5.729	7.865	3.296	1.125	2.794	2.953	6.387	4.542	1.508054537
63.467	5.734	7.831	3.326	1.143	2.811	2.847	6.407	4.598	1.595191238
63.103	5.722	8.026	3.504	1.149	2.895	2.934	6.261	4.586	1.620371667
63.582	5.8	7.755	3.29	1.088	2.922	2.911	6.468	4.487	1.444512676
62.735	5.469	8.349	3.695	1.21	3.499	2.986	5.964	4.591	1.650481245
63.23	5.748	7.899	3.559	1.07	2.88	2.857	6.306	4.521	1.840290979
63.789	5.772	7.827	3.398	0.991	2.879	2.898	6.379	4.502	1.782227265
62.438	5.37	8.315	3.771	1.114	3.583	3.127	5.874	4.593	1.665710169
63.769	5.821	7.85	3.321	1.016	2.69	2.95	6.594	4.43	1.805130503
62.699	5.428	8.467	3.841	1.093	3.6	3.062	5.609	4.453	2.076597999
62.805	5.571	8.204	3.728	0.996	3.42	3.048	6.098	4.727	2.384439371
